Áudio:
<svg xmlns="http://www.w3.org/2000/svg" width="18" height="28" viewBox="0 0 18 28" fill="none">
  <path d="M18 14.4612C18 13.9012 17.5699 13.4729 17.0074 13.4729C16.4449 13.4729 16.0147 13.9012 16.0147 14.4612C16.0147 18.3153 12.8713 21.4447 9 21.4447C5.12868 21.4447 1.98529 18.3153 1.98529 14.4612C1.98529 13.9012 1.55515 13.4729 0.992647 13.4729C0.430147 13.4729 0 13.9012 0 14.4612C0 19.04 3.44118 22.8941 8.00735 23.3882V26.0235H4.40074C3.83824 26.0235 3.40809 26.4518 3.40809 27.0118C3.40809 27.5718 3.83824 28 4.40074 28H13.5993C14.1618 28 14.5919 27.5718 14.5919 27.0118C14.5919 26.4518 14.1618 26.0235 13.5993 26.0235H9.99265V23.3882C14.5588 22.8941 18 19.04 18 14.4612Z" fill="#FCFCFC"/>
  <path d="M9 0C5.95588 0 3.47426 2.47059 3.47426 5.50118V14.4282C3.47426 17.4918 5.95588 19.9294 9 19.9624C12.0441 19.9624 14.5257 17.4918 14.5257 14.4612V5.50118C14.5257 2.47059 12.0441 0 9 0Z" fill="#FCFCFC"/>
</svg>

Avatar falando:
<svg xmlns="http://www.w3.org/2000/svg" width="29" height="30" viewBox="0 0 29 30" fill="none">
  <path fill-rule="evenodd" clip-rule="evenodd" d="M2.47561 30C2.67275 30 2.86599 29.9458 3.03365 29.8435C3.20132 29.7412 3.33677 29.5949 3.42483 29.4209L4.76449 26.7781C4.91134 26.4884 5.13709 26.2448 5.41643 26.0745C5.69576 25.9042 6.01766 25.814 6.34605 25.814H9.45541C10.3254 25.814 11.1303 25.3633 11.5774 24.6279L12.5945 22.9577C12.9216 22.4196 13.0262 21.778 12.8866 21.166C12.747 20.5539 12.3739 20.0183 11.8447 19.6702L10.3523 18.6893L12.6454 17.7195C13.0907 17.5314 13.4703 17.2186 13.7371 16.8197C14.0039 16.4209 14.1462 15.9536 14.1463 15.4758V14.6107C14.1464 14.5375 14.1698 14.4662 14.2132 14.4069C14.2566 14.3475 14.3179 14.3031 14.3882 14.28L15.6161 13.8753C16.006 13.7471 16.3574 13.5252 16.6385 13.2295C16.9197 12.9339 17.1218 12.5738 17.2267 12.1819C17.3315 11.7899 17.3358 11.3784 17.2391 10.9844C17.1424 10.5904 16.9478 10.2264 16.6729 9.92512L12.4785 5.32884C12.1863 5.00866 12.0245 4.59313 12.0244 4.16233V1.04651C12.0244 0.768959 11.9126 0.502775 11.7136 0.306516C11.5147 0.110257 11.2448 0 10.9634 0H1.06098C0.779587 0 0.509724 0.110257 0.310753 0.306516C0.111781 0.502775 0 0.768959 0 1.04651V28.9535C0 29.5312 0.475317 30 1.06098 30H2.47561ZM23.9384 13.0144C25.7336 14.4865 26.878 16.7051 26.878 19.186C26.878 21.667 25.7336 23.8856 23.9384 25.3577C23.722 25.5351 23.5858 25.7901 23.5599 26.0666C23.5341 26.3431 23.6206 26.6183 23.8005 26.8319C23.9804 27.0454 24.2389 27.1797 24.5192 27.2052C24.7995 27.2307 25.0786 27.1454 25.2951 26.9679C27.5585 25.1107 29 22.313 29 19.186C29 16.0591 27.5585 13.2614 25.2951 11.4042C25.0786 11.2267 24.7995 11.1414 24.5192 11.1669C24.2389 11.1924 23.9804 11.3267 23.8005 11.5402C23.6206 11.7538 23.5341 12.029 23.5599 12.3055C23.5858 12.582 23.722 12.837 23.9384 13.0144Z" fill="#7D8592"/>
  <path fill-rule="evenodd" clip-rule="evenodd" d="M21.0667 15.8051C22.0499 16.6116 22.6766 17.827 22.6766 19.186C22.6766 20.5451 22.0499 21.7605 21.0667 22.567C20.9595 22.6548 20.8709 22.7627 20.806 22.8843C20.7411 23.0059 20.701 23.139 20.6882 23.2759C20.6754 23.4128 20.6901 23.5508 20.7314 23.6821C20.7726 23.8134 20.8397 23.9354 20.9288 24.0412C21.0179 24.1469 21.1272 24.2343 21.2505 24.2983C21.3738 24.3624 21.5087 24.4019 21.6475 24.4145C21.7863 24.4271 21.9262 24.4127 22.0594 24.372C22.1925 24.3313 22.3162 24.2651 22.4234 24.1772C23.8748 22.987 24.7985 21.1912 24.7985 19.186C24.7985 17.1809 23.8748 15.3851 22.4234 14.1949C22.3162 14.107 22.1925 14.0408 22.0594 14.0001C21.9262 13.9594 21.7863 13.945 21.6475 13.9576C21.5087 13.9702 21.3738 14.0097 21.2505 14.0738C21.1272 14.1378 21.0179 14.2252 20.9288 14.3309C20.8397 14.4367 20.7726 14.5587 20.7314 14.69C20.6901 14.8213 20.6754 14.9593 20.6882 15.0962C20.701 15.2331 20.7411 15.3662 20.806 15.4878C20.8709 15.6094 20.9595 15.7173 21.0667 15.8051ZM17.5669 17.8981C17.7593 18.0548 17.9142 18.2516 18.0206 18.4742C18.1269 18.6969 18.1821 18.9399 18.1821 19.186C18.1821 19.4322 18.1269 19.6752 18.0206 19.8979C17.9142 20.1205 17.7593 20.3172 17.5669 20.474C17.3504 20.6514 17.2143 20.9064 17.1884 21.1829C17.1626 21.4593 17.2491 21.7346 17.429 21.9481C17.6089 22.1617 17.8674 22.296 18.1477 22.3215C18.428 22.347 18.7071 22.2616 18.9236 22.0842C19.7667 21.3921 20.3028 20.3512 20.3028 19.186C20.3028 18.0209 19.7667 16.98 18.9236 16.2879C18.8164 16.2 18.6927 16.1339 18.5596 16.0931C18.4264 16.0524 18.2865 16.038 18.1477 16.0506C18.0089 16.0632 17.874 16.1027 17.7507 16.1668C17.6274 16.2308 17.5181 16.3182 17.429 16.424C17.3399 16.5297 17.2728 16.6517 17.2316 16.783C17.1903 16.9143 17.1756 17.0523 17.1884 17.1892C17.2012 17.3261 17.2413 17.4592 17.3062 17.5808C17.3711 17.7024 17.4597 17.8103 17.5669 17.8981Z" fill="#7D8592"/>
</svg>

Começar de novo:
<svg xmlns="http://www.w3.org/2000/svg" width="21" height="18" viewBox="0 0 21 18" fill="none">
  <path d="M6.23233 10.271C6.52365 9.93209 6.28634 9.40286 5.84298 9.40286H4.51557C4.50672 9.26877 4.50222 9.13441 4.50208 9.00002C4.50208 5.64556 7.19273 2.91655 10.5 2.91655C12.0893 2.91655 13.536 3.54699 14.6104 4.57399L16.4822 2.35302C14.8437 0.832735 12.735 0 10.5 0C8.12981 0 5.9015 0.936188 4.22551 2.63603C2.54957 4.33592 1.62654 6.596 1.62654 8.99998C1.62654 9.13477 1.62986 9.26902 1.63564 9.40282H0.517553C0.0741941 9.40282 -0.16316 9.93205 0.128205 10.271L2.65046 13.2054L3.18025 13.8218L5.08236 11.6088L6.23233 10.271ZM20.8718 8.55899L18.9906 6.37031L17.8198 5.00821L16.1482 6.95295L14.7677 8.55899C14.4764 8.89794 14.7137 9.42717 15.1571 9.42717H16.4829C16.266 12.583 13.6657 15.0835 10.5 15.0835C9.11815 15.0835 7.8441 14.6068 6.82883 13.8073L4.95692 16.0285C6.52508 17.3058 8.45982 18 10.5001 18C12.8702 18 15.0986 17.0639 16.7745 15.364C18.3509 13.7652 19.2609 11.6708 19.3635 9.42722H20.4825C20.9258 9.42717 21.1631 8.89794 20.8718 8.55899Z" fill="#3A3F51"/>
</svg>